# Data y including noise
144927.518795157346176
116554.793176851177122
134731.891430646006484
165825.880789822724182
164870.500876094010891
188893.441820387262851
152648.250256456260104
176066.291774480749154
146992.561166050058091
199880.874297820118954
232384.274883555917768
236403.363961796771036
238990.984844002756290
239981.670942922413815
206902.204197243030649
192708.579494249512209
161360.848058466304792
137442.073571413115133
122097.699774994485779
104677.183976931992220
53128.440810676307592
59771.288968232278421
11963.702314564467088
44775.304161990919965
20110.112916752623278
34502.800553565510199
38870.951667434943374
26456.687329085987585
14871.526771190097861
-25890.570622941508191
-32018.303434001714777
6849.415594133022751
-7006.581011676090384
