6582949508.614013671875000
6582801823.283691406250000
6582898956.504150390625000
6582846669.741455078125000
6582892696.579101562500000
6582849505.780029296875000
6581438734.504882812500000
6583013915.038818359375000
6581403895.532714843750000
6582609043.033203125000000
6582392143.690185546875000
6582808079.296875000000000
6582370543.334960937500000
6582828540.482910156250000
6581453234.208251953125000
6581508669.631591796875000
6581839313.390136718750000
6583035331.968261718750000
6581459480.748535156250000
6582519519.469970703125000
6583292391.131103515625000
6582831715.954101562500000
6583010663.958984375000000
6582909861.855712890625000
6582441796.103759765625000
6582854860.338867187500000
6582896676.396972656250000
6582580352.782714843750000
6582379649.048583984375000
6582936697.090332031250000
6583008282.295410156250000
6582694251.891357421875000
6582875237.634277343750000
6582910171.204101562500000
6583076233.685791015625000
6583379781.536376953125000
6583082718.949707031250000
6582834646.441894531250000
6582825829.159912109375000
6583284780.943115234375000
6581464169.196289062500000
6583029979.970214843750000
6583015524.666259765625000
6582316082.769531250000000
6581937467.624023437500000
6581585831.525878906250000
6583095873.597656250000000
6581613304.875000000000000
6583107882.422607421875000
6582505515.257812500000000
6583111882.307617187500000
6583159633.986816406250000
6581761932.463134765625000
6583064666.324951171875000
6583286705.631103515625000
6582524968.384277343750000
6583186482.319824218750000
6581814752.509521484375000
6582273801.086425781250000
6583308404.738281250000000
6583399701.004150390625000
6583665831.917968750000000
6582965803.550292968750000
6583609260.875488281250000
6583764368.318847656250000
6583775327.171875000000000
6583975492.897216796875000
6584015626.766113281250000
6583923184.804443359375000
6583669946.400146484375000
6584213255.351318359375000
6582765675.806884765625000
6584160121.078613281250000
6584536816.966308593750000
6584460017.723144531250000
6584994384.611572265625000
6583603709.180175781250000
6585528491.008056640625000
6585722389.935546875000000
6585913929.330566406250000
6585892214.931640625000000
6586446198.551757812500000
6586734532.962402343750000
6586935554.520996093750000
6587231883.197265625000000
6587962364.900390625000000
6587972633.273681640625000
6588425739.934326171875000
6589685923.873291015625000
6589566649.080078125000000
6590535161.382324218750000
6591483923.809814453125000
6592485850.336669921875000
6592968641.077880859375000
6593481865.587158203125000
6595585731.068603515625000
6596409966.841552734375000
6597823553.786621093750000
6599517279.511474609375000
6601180015.789794921875000
6602370211.130859375000000
6604428191.244873046875000
6605844914.029785156250000
6608278859.804687500000000
6609948487.669433593750000
6612679553.120361328125000
6614717693.043945312500000
6616370235.696044921875000
6619789683.707275390625000
6622456382.416015625000000
6626098819.892333984375000
6629042568.706787109375000
6632400729.800292968750000
6636387302.543701171875000
6641414473.202636718750000
6645729297.819335937500000
6650414465.007080078125000
6653764435.596679687500000
6658689591.374267578125000
6663377356.073730468750000
6667773026.225585937500000
6672504707.998291015625000
6674517534.224609375000000
6681588072.200683593750000
6690241102.607421875000000
6696619574.437988281250000
6703326516.319091796875000
6710240634.346435546875000
6715984778.852050781250000
6722280055.255371093750000
6728935218.032226562500000
6736197185.121093750000000
6742640639.222900390625000
6749494729.907470703125000
6754653257.895751953125000
6758336433.584228515625000
6769676005.212402343750000
6777941091.266601562500000
6785109495.398681640625000
6792359773.608642578125000
6799136677.212646484375000
6806294806.876708984375000
6813499312.928222656250000
6821889089.042236328125000
6829129491.539062500000000
6838431042.655517578125000
6845889395.028076171875000
6854676979.705566406250000
6861833637.265625000000000
6869820075.413085937500000
6875395293.812988281250000
6888220976.238525390625000
6900111596.020507812500000
6909713571.426025390625000
6922526733.406494140625000
6933972893.966308593750000
6944847791.087158203125000
6957312266.253662109375000
6970985942.892578125000000
6982424996.948974609375000
6997010516.583496093750000
7011173250.768066406250000
7026343758.261718750000000
7039889822.230957031250000
7056117162.933105468750000
7073366390.473632812500000
7092593683.738769531250000
7112249949.306396484375000
7130540395.197265625000000
7151761825.259033203125000
7171769340.030761718750000
7193590894.920898437500000
7215632252.562011718750000
7239120541.290039062500000
7262964903.772216796875000
7286821341.535644531250000
7313073515.745605468750000
7337482456.857666015625000
7361422135.633544921875000
7389080212.336425781250000
7415397053.697265625000000
7440518317.334960937500000
7467350940.735595703125000
7494596895.330566406250000
7521510004.315429687500000
7550931538.215820312500000
7577734034.650146484375000
7606129224.362792968750000
7633206671.006835937500000
7660893824.016113281250000
7689413284.561523437500000
7718574207.035644531250000
7746822678.838378906250000
7776903087.760253906250000
7805581741.489990234375000
7834570938.846435546875000
7865590937.456298828125000
7894996693.576904296875000
7925692000.267333984375000
7956363513.705810546875000
7987849252.606933593750000
8019945471.433593750000000
8052789952.994873046875000
8085682821.581542968750000
8119818824.913818359375000
8155454764.425781250000000
8189358293.442871093750000
8226143801.393310546875000
8264706620.396484375000000
8303149611.659179687500000
8343869660.796875000000000
8388032308.672607421875000
8431606768.761718750000000
8476716549.493652343750000
8524553306.064941406250000
8575716792.074707031250000
8627806797.444824218750000
8684230122.420166015625000
8744621818.429443359375000
8805530052.027832031250000
8873857026.963378906250000
8945378250.208496093750000
9020330782.584716796875000
9101062825.058837890625000
9189051383.325439453125000
9283054120.716796875000000
9384164526.373046875000000
9491806618.789306640625000
9610219292.353027343750000
9737111342.242187500000000
9873214741.040039062500000
10021978969.306640625000000
10183476631.649658203125000
10358841124.906982421875000
10547725723.106933593750000
10750557163.821777343750000
10970787132.571289062500000
11213465009.292968750000000
11478692839.662109375000000
11768094052.203613281250000
12077232222.081298828125000
12417670729.797851562500000
12784734453.346435546875000
13187102085.655273437500000
13623590687.026367187500000
14097854898.390380859375000
14612827827.736083984375000
15172671465.808837890625000
15783308180.104248046875000
16445339390.426025390625000
17164132871.412841796875000
17943879073.403808593750000
18791696341.190673828125000
19712027044.010986328125000
20707544526.856933593750000
21787752361.332519531250000
22960110115.324707031250000
24226838466.205810546875000
25598437353.222656250000000
27082801952.329345703125000
28686912449.427734375000000
30417305110.516113281250000
32282793416.876708984375000
34296265564.137207031250000
36466419387.157470703125000
38799576462.386718750000000
41312228383.377441406250000
44008498579.798828125000000
46905498327.678710937500000
50011095456.838134765625000
53336030802.748046875000000
56897734463.176269531250000
60707491168.231689453125000
64777218740.171142578125000
69118796133.379882812500000
73746856556.271728515625000
78673373784.598388671875000
83914372502.992187500000000
89479656263.918212890625000
95384708212.147705078125000
101643784682.020751953125000
108268994130.059570312500000
115273724250.798828125000000
122670221753.791503906250000
130470743582.194091796875000
138686772149.297363281250000
147329690061.115722656250000
156410836958.577392578125000
165939592286.766357421875000
175926037910.224365234375000
186379498047.603515625000000
197305081593.592041015625000
208711547119.962402343750000
220605570275.621337890625000
232991587844.055175781250000
245874113611.873291015625000
259256038518.995605468750000
273138805104.338378906250000
287523433878.105957031250000
302409619979.049316406250000
317794684235.298095703125000
333676002462.864990234375000
350048836189.213867187500000
366907024178.938720703125000
384243527258.325683593750000
402050386116.900390625000000
420317095646.118652343750000
439032926821.500244140625000
458186492887.378662109375000
477763551966.970458984375000
497750961918.389892578125000
518131920854.721923828125000
538890838703.231933593750000
560011456405.943115234375000
581475370400.324707031250000
603262562820.927490234375000
625354422005.009521484375000
647731261310.551757812500000
670372160178.278564453125000
693256795396.193359375000000
716364462974.049316406250000
739675509420.574951171875000
763170318172.493408203125000
786831784006.321777343750000
810643419155.852050781250000
834591218452.239746093750000
858663899201.722167968750000
882853327092.008300781250000
907155085252.088623046875000
931568158073.559082031250000
956095548730.212890625000000
980744151199.653076171875000
1005524562006.013183593750000
1030450891060.460693359375000
1055539983723.098999023437500
1080811012132.113403320312500
1106284422550.417480468750000
1131980802088.652343750000000
1157920123974.066406250000000
1184120332450.606933593750000
1210595916503.919189453125000
1237357484552.704101562500000
1264409319175.727050781250000
1291749424936.927001953125000
1319367977243.749023437500000
1347246754525.383056640625000
1375358721379.840332031250000
1403667705480.733642578125000
1432128435241.614013671875000
1460687077065.897460937500000
1489281332321.028564453125000
1517842318681.017333984375000
1546294690975.642822265625000
1574558875636.521484375000000
1602552163872.313476562500000
1630190609276.492431640625000
1657390674649.147460937500000
1684070994745.880371093750000
1710153799160.332275390625000
1735566491973.629638671875000
1760242911919.082275390625000
1784124282438.185546875000000
1807159889201.440917968750000
1829307854256.982666015625000
1850535111967.023193359375000
1870817536199.207275390625000
1890139787957.057128906250000
1908494812419.839843750000000
1925883384445.008300781250000
1942313411939.474365234375000
1957799195404.424560546875000
1972360651941.250244140625000
1986022433435.220703125000000
1998813221811.112304687500000
2010764909403.499511718750000
2021911859069.033691406250000
2032290226564.096679687500000
2041937375538.602050781250000
2050891262826.755615234375000
2059190054123.454833984375000
2066871618545.191162109375000
2073973277984.778808593750000
2080531438402.506591796875000
2086581405020.345703125000000
2092157222738.370361328125000
2097291499431.666992187500000
2102015344243.944580078125000
2106358302053.286621093750000
2110348323338.267822265625000
2114011759191.070068359375000
2117373375257.233398437500000
2120456382892.841796875000000
2123282480328.434814453125000
2125871905937.533691406250000
2128243497266.087890625000000
2130414755218.157714843750000
2132401911379.580810546875000
2134219996964.021972656250000
2135882912198.355957031250000
2137403495031.211914062500000
2138793589232.814208984375000
2140064109198.878906250000000
2141225103850.659179687500000
2142285817163.384521484375000
2143254745970.258544921875000
2144139694781.572753906250000
2144947827538.924316406250000
2145685716304.937011718750000
2146359386920.867675781250000
2146974361697.553466796875000
2147535699234.921386718750000
2148048031476.842041015625000
2148515598129.261230468750000
2148942278564.104492187500000
2149331621295.980957031250000
2149686871531.250244140625000
2150010995983.376708984375000
2150306706372.848144531250000
2150576480763.336181640625000
2150822583257.932617187500000
2151047082109.376220703125000
2151251866358.826904296875000
2151438661112.371826171875000
2151609041558.013671875000000
2151764445819.430419921875000
2151906186737.621582031250000
2152035462663.798095703125000
2152153367343.576904296875000
2152260898964.199951171875000
2152358968433.876464843750000
2152448406955.283935546875000
2152529972951.768310546875000
2152604358399.761474609375000
2152672194617.019531250000000
2152734057552.285644531250000
2152790472617.903320312500000
2152841919106.455566406250000
2152888834220.559326171875000
2152931616758.074707031250000
2152970630473.659667968750000
2153006207149.069091796875000
2153038649396.027343750000000
2153068233213.576416015625000
2153095210325.064208984375000
2153119810307.017089843750000
2153142242535.126220703125000
2153162697958.351318359375000
2153181350718.124511718750000
2153198359625.664550781250000
2153213869509.874755859375000
2153228012446.881835937500000
2153240908881.782470703125000
2153252668651.903320312500000
2153263391920.208984375000000
2153273170026.715576171875000
2153282086265.095458984375000
2153290216591.028076171875000
2153297630268.227783203125000
2153304390457.740234375000000
2153310554755.334472656250000
2153316175681.652343750000000
2153321301129.218017578125000
2153325974770.108398437500000
2153330236427.742919921875000
2153334122416.003662109375000
2153337665848.126708984375000
2153340896919.313964843750000
2153343843163.250732421875000
2153346529686.918212890625000
2153348979384.381347656250000
2153351213131.795166015625000
2153353249965.236328125000000
2153355107242.871093750000000
2153356800792.823730468750000
2153358345048.029541015625000
2153359753169.208984375000000
2153361037156.983154296875000
2153362207954.130859375000000
2153363275538.832275390625000
2153364249009.686035156250000
2153365136663.239257812500000
2153365946064.688964843750000
2153366684112.339599609375000
2153367357096.395019531250000
2153367970752.560546875000000
2153368530310.915527343750000
2153369040540.490722656250000
2153369505789.907470703125000
2153369930024.436279296875000
2153370316859.791015625000000
2153370669592.942626953125000
2153370991230.217285156250000
2153371284512.916992187500000
2153371551940.683593750000000
2153371795792.800537109375000
2153372018147.619628906250000
2153372220900.257812500000000
2153372405778.825683593750000
2153372574359.002929687500000
2153372728077.619628906250000
