118.791640879104833
119.369509752174125
119.950254494011375
120.532961208597214
121.117402977049196
121.703329254270187
122.291792483342348
122.882448437776674
123.473962184998953
124.066653750945619
124.661168447330439
125.257197721804147
125.854362364236337
126.452680092564577
127.052476834139100
127.652859870512131
128.254851376332994
128.857043382849383
129.460559532970308
130.065050660365927
130.670082904750046
131.276043822107738
131.882654750298514
132.490094645918845
133.098257435628511
133.707160189783053
134.316780775361110
134.927115224797177
135.538165289625738
136.150020279972296
136.762618928785713
137.376019823174914
137.990201316513463
138.605374793630489
139.221432410084446
139.838407469024759
140.456441087324521
141.075566429884191
141.695851489055343
142.317379416490212
142.940212473201143
143.564470697179104
144.190204839093184
144.817511917307741
145.446501642127657
146.077247647790870
146.709887234138421
147.344452726390728
147.981102300296072
148.619896825344767
149.260927578959183
149.904281477466100
150.550036839632753
151.198257621958874
151.849001726799827
152.502320322853336
153.158249854034665
153.816817900497085
154.478033435376631
155.141897572466320
155.808400433411833
156.477513197097011
157.149205978885220
157.823428859899934
158.500128614184746
159.179244210611529
159.860701334857652
160.544431271924566
161.230349508964707
161.918380040701408
162.608439784050859
163.300446763806775
163.994323320011176
164.689992391747637
165.387382150782884
166.086426152868512
166.787061189730366
167.489233543394050
168.192894471859290
168.898003154798005
169.604526788817651
170.312440665089809
171.021728050234572
171.732380508399757
172.444398458371978
173.157790573027370
173.872574183323195
174.588774842650224
175.306425872168603
176.025569174258180
176.746253022495466
177.468533448977666
178.192472423569512
178.918138075948008
179.645603175413640
180.374944512545426
181.106241915798506
181.839577264933325
182.575032622103407
183.312689670128862
184.052627701055854
184.794922420857034
185.539644454413036
186.286857916121477
187.036618878542583
187.788974394177046
188.543961277303453
189.301605172131417
190.061920017993913
190.824907631951618
191.590557546327773
192.358847261236861
193.129742582314606
193.903198480516124
194.679159879857735
195.457562817645112
196.238335638534124
197.021400510192251
197.806674637475794
198.594071843344011
199.383503920320010
200.174882009436118
200.968117883326414
201.763125127247150
202.559820238664685
203.358123575147573
204.157960243260447
204.959260817616581
205.761962007087931
206.566007201775818
207.371346978650138
208.177939479604078
208.985750820450221
209.794755385570426
210.604936152355776
211.416284976001037
212.228802881031100
213.042500356402257
213.857397679897474
214.673525248409533
215.490923952315399
216.309645578326752
217.129753251051426
217.951321912119823
218.774438838358009
219.599204200375425
220.425731650152102
221.254148942768268
222.084598578949283
222.917238461684576
223.752242557395448
224.589801549801763
225.430123469680069
226.273434292271389
227.119978474730658
227.970019428062670
228.823839897566273
229.681742238208813
230.544048567180994
231.411100779208169
232.283260412621132
233.160908357059100
234.044444398711278
234.934286600784247
235.830870523319163
236.734648290457386
237.646087515895459
238.565670100237526
239.493890916679078
240.431256400660232
241.378283060527338
242.335495923703888
243.303426931889902
244.282613297674857
245.273595832400986
246.276917256891380
247.293120504869364
248.322747032053968
249.366335145785257
250.424418372578657
251.497523884338136
252.586171004994384
253.690869821297582
254.812119919800949
255.950409269945993
257.106213268661975
258.279993956238741
259.472199405841764
260.683263282369865
261.913604558543227
263.163627370519748
264.433720990224799
265.724259889014036
267.035603866454778
268.368098219619810
269.722073931360853
271.097847861101286
272.495722927338079
273.915988277210033
275.358919444398737
276.824778501745925
278.313814218666721
279.826262235703837
281.362345268931620
282.922273355531615
284.506244148952192
286.114443267754382
287.747044697200579
289.404211237041068
291.086094983602266
292.792837829372445
294.524571959412924
296.281420321334224
298.063497044497353
299.870907784682515
301.703749972657192
303.562112948850881
305.446077971454713
307.355718091468361
309.291097895222890
311.252273122249562
313.239290173721599
315.252185533545230
317.290985130147305
319.355703671645983
321.446343990078901
323.562896431418096
325.705338327066556
327.873633579405009
330.067732388858531
332.287571143160051
334.533072481417150
336.804145536721649
339.100686351973252
341.422578454848008
343.769693569979609
346.141892439886988
348.539025721298742
350.960934920535237
353.407453330586236
355.878406933464305
358.373615234178203
360.892891997059621
363.436045860900720
366.002880816098582
368.593196534370463
371.206788549239377
373.843448292968901
376.502963002612773
379.185115513976541
381.889683967305245
384.616441452202992
387.365155621551651
390.135588304969701
392.927495151730113
395.740625331105946
398.574721315045110
401.429518764069599
404.304746532576075
407.200126804513047
410.115375364943759
413.050202007502890
416.004311072412179
418.977402104758255
421.969170618302485
424.979308946388414
428.007507158621252
431.053454020036952
434.116837968485356
437.197348085919145
440.294675040176742
443.408511975566057
446.538555333004183
449.684505583495309
452.846067862201551
456.022952494116339
459.214875406255260
462.421558425150522
465.642729462158513
468.878122592469310
472.127478036636887
475.390542055768606
478.667066773144938
481.956809935914748
485.259534630617736
488.575008965674101
491.903005732730435
495.243302057014205
498.595679044784049
501.959921433778334
505.335817250452180
508.723157475955986
512.121735721403297
515.531347912122328
518.951791980323719
522.382867565936294
525.824375726143217
529.276118655273535
532.737899417977360
536.209521699887091
539.690789581126296
543.181507338980055
546.681479286783542
550.190509656605172
553.708402533576418
557.234961849707133
560.769991444598190
564.313295199447111
567.864677248928274
571.423942272741897
574.990895864772938
578.565344972939897
582.147098397149421
585.735967326773334
589.331765893240913
592.934311708408131
596.543426355955035
600.158935801773964
603.780670690558850
607.408466499766746
611.042163528737660
614.681606709668927
618.326645237778393
621.977132029596760
625.632923029988660
629.293876399301439
632.959851621077519
636.630708577260521
640.306306641195647
643.986503838657654
647.671156123592141
651.360116808520957
655.053236180184626
658.750361319783337
662.451336135044812
666.156001599303409
669.864196181719649
673.575756443477303
677.290517767851043
681.008315187679045
684.728984272093498
688.452362035113424
692.178287831540956
695.906604210011892
699.637157698488863
703.369799503453009
707.104386110020982
710.840779775875831
714.578848916906963
718.318468386696054
722.059519655331201
725.801890895519819
729.545476985633627
733.290179440255542
737.035906279142864
740.782571845363918
744.530096582857595
748.278406782905108
752.027434308065608
755.777116301130036
759.527394885609169
763.278216863271155
767.029533413288959
770.781299796689837
774.533475069009796
778.286021803371568
782.038905825604957
785.792095962523831
789.545563804042217
793.299283479479527
797.053231448105862
800.807386303766293
804.561728593251701
808.316240647944369
812.070906428184571
815.825711379732070
819.580642301663374
823.335687225014681
827.090835301490529
830.846076701552420
834.601402521221189
838.356804696951826
842.112275927968540
845.867809605469688
849.623399748155521
853.379040943558266
857.134728294691740
860.890457371565731
864.646224167150990
868.402025057403421
872.157856764994335
875.913716326409826
879.669601062126958
883.425508549580172
887.181436598668711
890.937383229571651
894.693346652657397
898.449325250294464
902.205317560386675
905.961322261472674
909.717338159243241
913.473364174342123
917.229399331331820
920.985442748711648
924.741493629892602
928.497551255032022
932.253614973654635
936.009684197977663
939.765758396877573
943.521837090435724
947.277919845006977
951.034006268763505
954.790096007665852
958.546188741821652
962.302284182194512
966.058382067630646
969.814482162169952
973.570584252617550
977.326688146348260
981.082793669322882
984.838900664295807
988.595008989195094
992.351118515659550
996.107229127713708
999.863340720576275
1003.619453199576697
1007.375566479182339
1011.131680482115257
1014.887795138555930
1018.643910385423965
1022.400026165726786
1026.156142427974146
1029.912259125644141
1033.668376216705838
1037.424493663185785
1041.180611430775343
1044.936729488478022
1048.692847808288889
1052.448966364906710
1056.205085135471563
1059.961204099331098
1063.717323237826577
1067.473442534100059
1071.229561972920465
1074.985681540528049
1078.741801224490018
1082.497921013574796
1086.254040897634241
1090.010160867500645
1093.766280914890331
1097.522401032320204
1101.278521213028625
1105.034641450907429
1108.790761740437802
1112.546882076633210
1116.303002454989382
1120.059122871436330
1123.815243322296510
1127.571363804248676
1131.327484314290814
1135.083604849711492
1138.839725408060758
1142.595845987125813
1146.351966584906449
1150.108087199595502
1153.864207829561337
1157.620328473328755
1161.376449129565572
1165.132569797068754
1168.888690474749637
1172.644811161626649
1176.400931856811667
1180.157052559502745
1183.913173268975015
1187.669293984574324
1191.425414705708818
1195.181535431844168
1198.937656162498342
1202.693776897234102
1206.449897635657635
1210.206018377413329
1213.962139122179906
1217.718259869665872
1221.474380619609747
1225.230501371772334
1228.986622125941039
1232.742742881922140
1236.498863639540104
1240.254984398637362
1244.011105159070667
1247.767225920711780
1251.523346683443151
1255.279467447160187
1259.035588211767617
1262.791708977179042
1266.547829743317834
1270.303950510113054
1274.060071277501493
1277.816192045425396
1281.572312813834287
