0.000100000000000
0.000104236067398
0.000108651577465
0.000113254131515
0.000118051652857
0.000123052400436
0.000128264983053
0.000133698374182
0.000139361927422
0.000145265392595
0.000151418932530
0.000157833140565
0.000164519058775
0.000171488196987
0.000178752552590
0.000186324631193
0.000194217468149
0.000202444650998
0.000211020342857
0.000219959306803
0.000229276931287
0.000238989256623
0.000249113002607
0.000259665597293
0.000270665207003
0.000282130767594
0.000294082017059
0.000306539529506
0.000319524750576
0.000333060034362
0.000347168681893
0.000361874981241
0.000377204249342
0.000393182875571
0.000409838367176
0.000427199396631
0.000445295850994
0.000464158883361
0.000483820966493
0.000504315948717
0.000525679112202
0.000547947233690
0.000571158647813
0.000595353313081
0.000620572880678
0.000646860766155
0.000674262224178
0.000702824426431
0.000732596542822
0.000763629826128
0.000795977700231
0.000829695852083
0.000864842327573
0.000901477631452
0.000939664831495
0.000979469667070
0.001020960662306
0.001064209244065
0.001109289864895
0.001156280131207
0.001205260936871
0.001256316602474
0.001309535020483
0.001365007806546
0.001422830457214
0.001483102514336
0.001545927736419
0.001611414277253
0.001679674872093
0.001750827031736
0.001824993244816
0.001902301188669
0.001982883949127
0.002066880249629
0.002154434690032
0.002245697995540
0.002340827276178
0.002439986297260
0.002543345761305
0.002651083601909
0.002763385290053
0.002880444153396
0.003002461709086
0.003129648010671
0.003262222009712
0.003400411932704
0.003544455673970
0.003694601205199
0.003851107002326
0.004014242490499
0.004184288507902
0.004361537789208
0.004546295469532
0.004738879609718
0.004939621743878
0.005148867450137
0.005366976945540
0.005594325706169
0.005831305113526
0.006078323128297
0.006335804992658
0.006604193962330
0.006883952069645
0.007175560918937
0.007479522515622
0.007796360130405
0.008126619200092
0.008470868266557
0.008829699955494
0.009203731996618
0.009593608287093
0.010000000000000
0.010423606739764
0.010865157746525
0.011325413151528
0.011805165285688
0.012305240043593
0.012826498305281
0.013369837418249
0.013936192742241
0.014526539259468
0.015141893253044
0.015783314056521
0.016451905877537
0.017148819698705
0.017875255259042
0.018632463119316
0.019421746814890
0.020244465099768
0.021102034285686
0.021995930680301
0.022927693128656
0.023898925662311
0.024911300260678
0.025966559729349
0.027066520700332
0.028213076759395
0.029408201705871
0.030653952950565
0.031952475057592
0.033306003436246
0.034716868189266
0.036187498124113
0.037720424934170
0.039318287557058
0.040983836717573
0.042719939663068
0.044529585099427
0.046415888336128
0.048382096649260
0.050431594871714
0.052567911220184
0.054794723369003
0.057115864781264
0.059535331308144
0.062057288067765
0.064686076615463
0.067426222417783
0.070282442643083
0.073259654282152
0.076362982612822
0.079597770023150
0.082969585208349
0.086484232757317
0.090147763145249
0.093966483149547
0.097946966706954
0.102096066230605
0.106420924406472
0.110928986489522
0.115628013120738
0.120526093687084
0.125631660247412
0.130953502048267
0.136500780654601
0.142283045721435
0.148310251433610
0.154592773641948
0.161141427725302
0.167967487209265
0.175082703173573
0.182499324481615
0.190230118866894
0.198288394912707
0.206688024962908
0.215443469003188
0.224569799553977
0.234082727617829
0.243998629725955
0.254334576130465
0.265108360190854
0.276338529005317
0.288044415339630
0.300246170908555
0.312964801067075
0.326222200971167
0.340041193270371
0.354445567397044
0.369460120519930
0.385110700232557
0.401424249049932
0.418428850790158
0.436153778920801
0.454629546953240
0.473887960971765
0.493962174387832
0.514886745013749
0.536697694554048
0.559432570616938
0.583130511352623
0.607832312829723
0.633580499265825
0.660419396233030
0.688395206964550
0.717556091893693
0.747952251562182
0.779636013040523
0.812661920009195
0.847086826655740
0.882969995549409
0.920373199661822
0.959360828709315
1.000000000000000
1.042360673976401
1.086515774652537
1.132541315152813
1.180516528568806
1.230524004359262
1.282649830528060
1.336983741824945
1.393619274224144
1.452653925946781
1.514189325304352
1.578331405652116
1.645190587753661
1.714881969870541
1.787525525904236
1.863246311931560
1.942174681489024
2.024446509976802
2.110203428568596
2.199593068030075
2.292769312865649
2.389892566231048
2.491130026067791
2.596655972934872
2.706652070033241
2.821307675939471
2.940820170587061
3.065395295056530
3.195247505759214
3.330600343624589
3.471686818926560
3.618749812411277
3.772042493417001
3.931828755705770
4.098383671757261
4.271993966306777
4.452958509942651
4.641588833612782
4.838209664925957
5.043159487171359
5.256791122018419
5.479472336900281
5.711586478126435
5.953533130814370
6.205728806776500
6.468607661546320
6.742622241778335
7.028244264308353
7.325965428215230
7.636298261282241
7.959777002314977
8.296958520834915
8.648423275731727
9.014776314524918
9.396648314954691
9.794696670695386
10.209606623060475
10.642092440647247
11.092898648952227
11.562801312073754
12.052609368708413
12.563166024741214
13.095350204826676
13.650078065460137
14.228304572143520
14.831025143361028
15.459277364194785
16.114142772530197
16.796748720926530
17.508270317357233
18.249932448161506
19.023011886689456
19.828839491270713
20.668802496290819
21.544346900318821
22.456979955397717
23.408272761782943
24.399862972595503
25.433457613046482
26.510836019085364
27.633852900531728
28.804441533962979
30.024617090855493
31.296480106707506
32.622220097116667
34.004119327037095
35.444556739704353
36.946012051993023
38.511070023255691
40.142424904993177
41.842885079015844
43.615377892080055
45.462954695323994
47.388796097176510
49.396217438783154
51.488674501374973
53.669769455404762
55.943257061693778
58.313051135262185
60.783231282972238
63.358049926582545
66.041939623303051
68.839520696454969
71.755609189369210
74.795225156218137
77.963601304052375
81.266192000919460
84.708682665574017
88.296999554940825
92.037319966182309
95.936082870931472
100.000000000000000
104.236067397640113
108.651577465253723
113.254131515281259
118.051652856880551
123.052400435926160
128.264983052806002
133.698374182494518
139.361927422414340
145.265392594678133
151.418932530435200
157.833140565211636
164.519058775366091
171.488196987054096
178.752552590423534
186.324631193155994
194.217468148902441
202.444650997680185
211.020342856859656
219.959306803007479
229.276931286564889
238.989256623104779
249.113002606778593
259.665597293487224
270.665207003324156
282.130767593947098
294.082017058706072
306.539529505652979
319.524750575921360
333.060034362458850
347.168681892655968
361.874981241127671
377.204249341700120
393.182875570577039
409.838367175726148
427.199396630677654
445.295850994265095
464.158883361278185
483.820966492595744
504.315948717135882
525.679112201841917
547.947233690028156
571.158647812643494
595.353313081437022
620.572880677650005
646.860766154632074
674.262224177833559
702.824426430835274
732.596542821523030
763.629826128224181
795.977700231497806
829.695852083491559
864.842327573172611
901.477631452491778
939.664831495469116
979.469667069538559
1020.960662306047539
1064.209244064724544
1109.289864895222763
1156.280131207375462
1205.260936870841306
1256.316602474121510
1309.535020482667733
1365.007806546013853
1422.830457214352009
1483.102514336102786
1545.927736419478606
1611.414277253019918
1679.674872092653231
1750.827031735723267
1824.993244816150536
1902.301188668945770
1982.883949127071446
2066.880249629081845
2154.434690031882383
2245.697995539771910
2340.827276178294142
2439.986297259550156
2543.345761304648022
2651.083601908536366
2763.385290053172866
2880.444153396297679
3002.461709085549501
3129.648010670750409
3262.222009711666487
3400.411932703709681
3544.455673970435782
3694.601205199302512
3851.107002325568828
4014.242490499317682
4184.288507901585035
4361.537789208005961
4546.295469532399693
4738.879609717650965
4939.621743878316011
5148.867450137498054
5366.976945540475754
5594.325706169377554
5831.305113526218520
6078.323128297223775
6335.804992658254378
6604.193962330305112
6883.952069645496522
7175.560918936920643
7479.522515621813909
7796.360130405237214
8126.619200091945459
8470.868266557401512
8829.699955494083042
9203.731996618229459
9593.608287093147737
10000.000000000000000
10423.606739764032682
10865.157746525372204
11325.413151528126036
11805.165285688031872
12305.240043592615621
12826.498305280625573
13369.837418249451730
13936.192742241435553
14526.539259467783268
15141.893253043519508
15783.314056521197926
16451.905877536606567
17148.819698705410701
17875.255259042318357
18632.463119315598306
19421.746814890284440
20244.465099768018263
21102.034285685964278
21995.930680300702079
22927.693128656486806
23898.925662310528423
24911.300260677860933
25966.559729348722612
27066.520700332359411
28213.076759394705732
29408.201705870666046
30653.952950565235369
31952.475057592135272
33306.003436245817284
34716.868189265594992
36187.498124112840742
37720.424934169939661
39318.287557057701633
40983.836717572528869
42719.939663067765650
44529.585099426600209
46415.888336127725779
48382.096649259568949
50431.594871713481552
52567.911220184192644
54794.723369002924301
57115.864781264230260
59535.331308143700880
62057.288067765133746
64686.076615463207418
67426.222417783486890
70282.442643083384610
73259.654282152303495
76362.982612822568626
79597.770023149772896
82969.585208349148161
86484.232757317091455
90147.763145249176887
93966.483149547100766
97946.966706953855464
102096.066230604759767
106420.924406472244300
110928.986489522270858
115628.013120737770805
120526.093687084139674
125631.660247412146418
130953.502048266498605
136500.780654601374408
142283.045721435482847
148310.251433610275853
154592.773641947860597
161141.427725301648024
167967.487209265324054
175082.703173572692322
182499.324481615039986
190230.118866894568782
198288.394912706746254
206688.024962908210000
215443.469003188656643
224569.799553977180040
234082.727617829426890
243998.629725954524474
254334.576130464818561
265108.360190854175016
276338.529005316726398
288044.415339629806112
300246.170908554340713
312964.801067075051833
326222.200971167301759
340041.193270370247774
354445.567397043574601
369460.120519929507282
385110.700232556904666
401424.249049932579510
418428.850790157623123
436153.778920800541528
454629.546953239012510
473887.960971765103750
493962.174387832579669
514886.745013748703059
536697.694554047659039
559432.570616938872263
583130.511352621833794
607832.312829723581672
633580.499265824095346
660419.396233030478470
688395.206964551005512
717556.091893692151643
747952.251562182907946
779636.013040522113442
812661.920009194524027
847086.826655742013827
882969.995549408253282
920373.199661822989583
959360.828709312714636
1000000.000000000000000
1042360.673976403311826
1086515.774652537191287
1132541.315152812749147
1180516.528568803099915
1230524.004359261598438
1282649.830528062535450
1336983.741824945202097
1393619.274224143475294
1452653.925946778152138
1514189.325304351979867
1578331.405652119778097
1645190.587753660744056
1714881.969870540779084
1787525.525904231704772
1863246.311931559816003
1942174.681489028502256
2024446.509976801695302
2110203.428568596486002
2199593.068030070513487
2292769.312865648884326
2389892.566231052856892
2491130.026067785918713
2596655.972934872377664
2706652.070033235941082
2821307.675939470529556
2940820.170587066560984
3065395.295056523755193
3195247.505759213585407
3330600.343624581582844
3471686.818926559295505
3618749.812411284074187
3772042.493416993413121
3931828.755705770105124
4098383.671757252886891
4271993.966306776739657
4452958.509942660108209
4641588.833612772636116
4838209.664925957098603
5043159.487171348184347
5256791.122018419206142
5479472.336900292895734
5711586.478126423433423
5953533.130814369767904
6205728.806776513345540
6468607.661546320654452
6742622.241778348572552
7028244.264308338053524
7325965.428215229883790
7636298.261282256804407
7959777.002314977347851
8296958.520834915339947
8648423.275731708854437
9014776.314524916931987
9396648.314954709261656
9794696.670695384964347
10209606.623060476034880
10642092.440647223964334
11092898.648952227085829
11562801.312073778361082
12052609.368708413094282
12563166.024741213768721
13095350.204826649278402
13650078.065460138022900
14228304.572143549099565
14831025.143361028283834
15459277.364194786176085
16114142.772530166432261
16796748.720926530659199
17508270.317357268184423
18249932.448161505162716
19023011.886689458042383
19828839.491270672529936
20668802.496290821582079
21544346.900318864732981
22456979.955397717654705
23408272.761782944202423
24399862.972595453262329
25433457.613046482205391
26510836.019085418432951
27633852.900531671941280
28804441.533962979912758
30024617.090855430811644
31296480.106707505881786
32622220.097116731107235
34004119.327037028968334
35444556.739704355597496
36946012.051992945373058
38511070.023255690932274
40142424.904993258416653
41842885.079015761613846
43615377.892080053687096
45462954.695323899388313
47388796.097176507115364
49396217.438783258199692
51488674.501374870538712
53669769.455404758453369
55943257.061693660914898
58313051.135262183845043
60783231.282972365617752
63358049.926582410931587
66041939.623303055763245
68839520.696455106139183
71755609.189369216561317
74795225.156218290328979
77963601.304052203893661
81266192.000919461250305
84708682.665574193000793
88296999.554940834641457
92037319.966182306408882
95936082.870931267738342
100000000.000000000000000
104236067.397640332579613
108651577.465253725647926
113254131.515281260013580
118051652.856880307197571
123052400.435926154255867
128264983.052806258201599
133698374.182494521141052
139361927.422414362430573
145265392.594677835702896
151418932.530435204505920
157833140.565211981534958
164519058.775366067886353
171488196.987054079771042
178752552.590423166751862
186324631.193155974149704
194217468.148902833461761
202444650.997680187225342
211020342.856859654188156
219959306.803007036447525
229276931.286564886569977
238989256.623105257749557
249113002.606778591871262
259665597.293487250804901
270665207.003323554992676
282130767.593947052955627
294082017.058706700801849
306539529.505652368068695
319524750.575921356678009
333060034.362458169460297
347168681.892655968666077
361874981.241128385066986
377204249.341699361801147
393182875.570577025413513
409838367.175725281238556
427199396.630677640438080
445295850.994265973567963
464158883.361277282238007
483820966.492595732212067
504315948.717134833335876
525679112.201841890811920
547947233.690029263496399
571158647.812642335891724
595353313.081436991691589
620572880.677648782730103
646860766.154632091522217
674262224.177834868431091
702824426.430833816528320
732596542.821523070335388
763629826.128225684165955
795977700.231497764587402
829695852.083491563796997
864842327.573170900344849
901477631.452491760253906
939664831.495471000671387
979469667.069538593292236
1020960662.306047558784485
1064209244.064722418785095
1109289864.895222663879395
1156280131.207377672195435
1205260936.870841264724731
1256316602.474121570587158
1309535020.482665061950684
1365007806.546013832092285
1422830457.214354753494263
1483102514.336102962493896
1545927736.419478416442871
1611414277.253016471862793
1679674872.092653274536133
1750827031.735726833343506
1824993244.816150426864624
1902301188.668945789337158
1982883949.127067327499390
2066880249.629081964492798
2154434690.031886577606201
2245697995.539771556854248
2340827276.178294181823730
2439986297.259545326232910
2543345761.304648399353027
2651083601.908541679382324
2763385290.053166866302490
2880444153.396297931671143
3002461709.085543155670166
3129648010.670750617980957
3262222009.711673259735107
3400411932.703702449798584
3544455673.970435619354248
3694601205.199295043945312
3851107002.325568675994873
4014242490.499326229095459
4184288507.901576042175293
4361537789.208005905151367
4546295469.532390594482422
4738879609.717651367187500
4939621743.878325462341309
5148867450.137487411499023
5366976945.540475845336914
5594325706.169365882873535
5831305113.526218414306641
6078323128.297236442565918
6335804992.658241271972656
6604193962.330305099487305
6883952069.645510673522949
7175560918.936921119689941
7479522515.621829032897949
7796360130.405220985412598
8126619200.091945648193359
8470868266.557419776916504
8829699955.494083404541016
9203731996.618230819702148
9593608287.093126296997070
10000000000.000000000000000
10423606739.764032363891602
10865157746.525373458862305
11325413151.528125762939453
11805165285.688032150268555
12305240043.592615127563477
12826498305.280624389648438
13369837418.249452590942383
13936192742.241434097290039
14526539259.467782974243164
15141893253.043519973754883
15783314056.521196365356445
16451905877.536607742309570
17148819698.705408096313477
17875255259.042316436767578
18632463119.315597534179688
19421746814.890285491943359
20244465099.768016815185547
21102034285.685966491699219
21995930680.300701141357422
22927693128.656486511230469
23898925662.310527801513672
24911300260.677860260009766
25966559729.348724365234375
27066520700.332359313964844
28213076759.394706726074219
29408201705.870666503906250
30653952950.565235137939453
31952475057.592136383056641
33306003436.245819091796875
34716868189.265594482421875
36187498124.112838745117188
37720424934.169937133789062
39318287557.057701110839844
40983836717.572532653808594
42719939663.067764282226562
44529585099.426597595214844
46415888336.127723693847656
48382096649.259574890136719
50431594871.713485717773438
52567911220.184188842773438
54794723369.002929687500000
57115864781.264228820800781
59535331308.143699645996094
62057288067.764877319335938
64686076615.463211059570312
67426222417.783493041992188
70282442643.083389282226562
73259654282.152297973632812
76362982612.822570800781250
79597770023.149780273437500
82969585208.349151611328125
86484232757.317092895507812
90147763145.249176025390625
93966483149.547103881835938
97946966706.953857421875000
102096066230.604751586914062
106420924406.472244262695312
110928986489.522277832031250
115628013120.737777709960938
120526093687.084136962890625
125631660247.412139892578125
130953502048.266494750976562
136500780654.601379394531250
142283045721.435485839843750
148310251433.610290527343750
154592773641.947845458984375
161141427725.301666259765625
167967487209.265319824218750
175082703173.572692871093750
182499324481.615051269531250
190230118866.894592285156250
198288394912.706726074218750
206688024962.908203125000000
215443469003.188659667968750
224569799553.977172851562500
234082727617.829437255859375
243998629725.954528808593750
254334576130.464813232421875
265108360190.854156494140625
276338529005.316711425781250
288044415339.629760742187500
300246170908.554321289062500
312964801067.075073242187500
326222200971.167297363281250
340041193270.370239257812500
354445567397.043579101562500
369460120519.929504394531250
385110700232.556884765625000
401424249049.932617187500000
418428850790.157592773437500
436153778920.800598144531250
454629546953.239013671875000
473887960971.765136718750000
493962174387.832580566406250
514886745013.748718261718750
536697694554.047607421875000
559432570616.936645507812500
583130511352.621826171875000
607832312829.723632812500000
633580499265.824096679687500
660419396233.030517578125000
688395206964.548217773437500
717556091893.692138671875000
747952251562.182861328125000
779636013040.522094726562500
812661920009.194580078125000
847086826655.741943359375000
882969995549.408325195312500
920373199661.822998046875000
959360828709.312744140625000
1000000000000.000000000000000
1042360673976.403320312500000
1086515774652.541748046875000
1132541315152.808105468750000
1180516528568.803222656250000
1230524004359.261474609375000
1282649830528.062500000000000
1336983741824.950683593750000
1393619274224.137695312500000
1452653925946.778320312500000
1514189325304.352050781250000
1578331405652.119628906250000
1645190587753.667480468750000
1714881969870.533935546875000
1787525525904.231689453125000
1863246311931.559814453125000
1942174681489.028320312500000
2024446509976.810058593750000
2110203428568.587890625000000
2199593068030.070312500000000
2292769312865.648925781250000
2389892566231.052734375000000
2491130026067.795898437500000
2596655972934.861816406250000
2706652070033.235839843750000
2821307675939.470703125000000
2940820170587.066894531250000
3065395295056.536132812500000
3195247505759.200683593750000
3330600343624.582031250000000
3471686818926.559570312500000
3618749812411.284179687500000
3772042493417.009277343750000
3931828755705.753906250000000
4098383671757.252929687500000
4271993966306.776855468750000
4452958509942.660156250000000
4641588833612.791992187500000
4838209664925.937500000000000
5043159487171.348632812500000
5256791122018.418945312500000
5479472336900.292968750000000
5711586478126.446289062500000
5953533130814.345703125000000
6205728806776.487304687500000
6468607661546.320312500000000
6742622241778.348632812500000
7028244264308.367187500000000
7325965428215.200195312500000
7636298261282.225585937500000
7959777002314.977539062500000
8296958520834.915039062500000
8648423275731.744140625000000
9014776314524.880859375000000
9396648314954.671875000000000
9794696670695.384765625000000
10209606623060.476562500000000
10642092440647.267578125000000
11092898648952.181640625000000
11562801312073.730468750000000
12052609368708.414062500000000
12563166024741.214843750000000
13095350204826.703125000000000
13650078065460.082031250000000
14228304572143.490234375000000
14831025143361.029296875000000
15459277364194.785156250000000
16114142772530.232421875000000
16796748720926.462890625000000
17508270317357.197265625000000
18249932448161.503906250000000
19023011886689.457031250000000
19828839491270.753906250000000
20668802496290.734375000000000
21544346900318.777343750000000
22456979955397.718750000000000
23408272761782.941406250000000
24399862972595.550781250000000
25433457613046.378906250000000
26510836019085.308593750000000
27633852900531.671875000000000
28804441533962.980468750000000
30024617090855.554687500000000
31296480106707.632812500000000
32622220097116.597656250000000
34004119327037.027343750000000
35444556739704.359375000000000
36946012051993.101562500000000
38511070023255.843750000000000
40142424904993.093750000000000
41842885079015.757812500000000
43615377892080.054687500000000
45462954695324.085937500000000
47388796097176.703125000000000
49396217438783.054687500000000
51488674501374.867187500000000
53669769455404.757812500000000
55943257061693.890625000000000
58313051135262.421875000000000
60783231282972.117187500000000
63358049926582.414062500000000
66041939623303.054687500000000
68839520696455.101562500000000
71755609189369.500000000000000
74795225156217.984375000000000
77963601304052.203125000000000
81266192000919.453125000000000
84708682665574.203125000000000
88296999554941.187500000000000
92037319966181.921875000000000
95936082870931.265625000000000
100000000000000.000000000000000
