# Norm ||Ax - y|| sqrt(x.T L x) lambdas
0.621814899356920 	 0.037009086873381 	 10.000000000000000
0.622460282099071 	 0.035935158497807 	 11.097524964120721
0.623370514978358 	 0.034671266261740 	 12.315506032928255
0.624185053007532 	 0.033558131764832 	 13.667163564620067
0.625128228941751 	 0.032392119618343 	 15.167168884709225
0.626148524342369 	 0.031225122077341 	 16.831803533309568
0.627038390950766 	 0.030243753391213 	 18.679135990207829
0.627820724699755 	 0.029408240424306 	 20.729217795953719
0.629054378818829 	 0.028290102499037 	 23.004301197729180
0.629808394800933 	 0.027593491632660 	 25.529080682395165
0.631145215572688 	 0.026559882282706 	 28.330961018393243
0.631963538797098 	 0.025926887271300 	 31.440354715914999
0.633122152940067 	 0.025143447567092 	 34.891012134067736
0.634105545428757 	 0.024518157055002 	 38.720387818125552
0.634794945264804 	 0.024080798389465 	 42.970047043208417
0.636189930716848 	 0.023365148688802 	 47.686116977144692
0.637055863980133 	 0.022927357119783 	 52.919787359584419
0.637954908099353 	 0.022513946758855 	 58.727866131894828
0.638951019142504 	 0.022111047370851 	 65.173396048824230
0.639775979037073 	 0.021791455094884 	 72.326338964835372
0.640507008977570 	 0.021519073300843 	 80.264335222571745
0.641266317331554 	 0.021260833937304 	 89.073546386104397
0.642176900818997 	 0.020987857046640 	 98.849590466255862
0.642854349507941 	 0.020793731197255 	 109.698579789238408
0.643532698320773 	 0.020615734015020 	 121.738272773966202
0.644211679226287 	 0.020452702949731 	 135.099352119802774
0.644891221777528 	 0.020303485447461 	 149.926843278604565
0.645571764168477 	 0.020166899889435 	 166.381688607612915
0.646195705583154 	 0.020047237122506 	 184.642494289554435
0.646890592720305 	 0.019929413768765 	 204.907468981584600
0.647711622613839 	 0.019797437766685 	 227.396575235792739
0.648448034494607 	 0.019693205640641 	 252.353917043476599
0.649274535216542 	 0.019583294870568 	 280.050389418363125
0.650045362554496 	 0.019493093733866 	 310.786618778201387
0.650911947075977 	 0.019398547199810 	 344.896226040575982
0.651726448834739 	 0.019320440889334 	 382.749447851631487
0.652637359462013 	 0.019240404158566 	 424.757155253689859
0.653538570061958 	 0.019169848938349 	 471.375313411672380
0.654447191352247 	 0.019105914500945 	 523.109930805626391
0.655425734335673 	 0.019043395443172 	 580.522551609489597
0.656490009971896 	 0.018981869973384 	 644.236350872136995
0.657577789956455 	 0.018925515326205 	 714.942898659757702
0.658737622591141 	 0.018871166599095 	 793.409666579749228
0.660030151233464 	 0.018816200659008 	 880.488358164346437
0.661451308906812 	 0.018761584299855 	 977.124153534650191
0.663032263886504 	 0.018706659795756 	 1084.365968689610781
0.664779401191069 	 0.018651810719682 	 1203.377840777589199
0.666688732907752 	 0.018597558101683 	 1335.451562929898728
0.668897111814163 	 0.018540696552333 	 1482.020705798858671
0.671306271027858 	 0.018484528470227 	 1644.676177994664386
0.674075917859500 	 0.018425941046554 	 1825.183494319044257
0.677147752790144 	 0.018366971076481 	 2025.501939230666494
0.680713982673027 	 0.018304777623413 	 2247.805833548725332
0.684685870342382 	 0.018241849300699 	 2494.508135230316384
0.689171637466708 	 0.018177143250169 	 2768.286630392066400
0.694440044282209 	 0.018107968094364 	 3072.112998861759024
0.700395378195395 	 0.018036803955214 	 3409.285069746814315
0.707054698952970 	 0.017964236256658 	 3783.462617131929164
0.714650826825573 	 0.017888608727454 	 4198.707084443910389
0.723155536716984 	 0.017811141125454 	 4659.525668664681689
0.732790297415083 	 0.017730715325428 	 5170.920242896761010
0.743580569915581 	 0.017648062880300 	 5738.441648302398789
0.755676246455116 	 0.017562878983144 	 6368.249944718586448
0.769189216630616 	 0.017475241157689 	 7067.181273927491020
0.784225599791843 	 0.017385293847956 	 7842.822061337681589
0.800842140565905 	 0.017293432295076 	 8703.591361485165180
0.819148844373760 	 0.017199723298362 	 9658.832241158708712
0.839260932446797 	 0.017104228054713 	 10718.913192051264559
0.861274282176923 	 0.017007105603750 	 11895.340673703207358
0.885234225099361 	 0.016908707000118 	 13200.884008314167659
0.911283251509247 	 0.016808962664008 	 14649.713983072879273
0.939448238844820 	 0.016708251482568 	 16257.556664437934160
0.969818819683052 	 0.016606681018426 	 18041.864093920718005
1.002485455677433 	 0.016504349800916 	 20022.003718155843671
1.037582941074267 	 0.016401221238693 	 22219.468609395236854
1.075321125278687 	 0.016297082432244 	 24658.110758226037433
1.115685073985627 	 0.016192345782507 	 27364.399970746719191
1.158904703646594 	 0.016086752500884 	 30367.711180354606768
1.205211901015139 	 0.015980093971899 	 33700.643292719250894
1.254842172492030 	 0.015872191667956 	 37399.373024788015755
1.308058177330174 	 0.015762838349124 	 41504.047578504723788
1.365159103877644 	 0.015651783787593 	 46059.220411451133259
1.426544248069626 	 0.015538626014067 	 51114.334834401655826
1.492561832529373 	 0.015423104067909 	 56724.260684919776395
1.563795656300165 	 0.015304595137159 	 62949.889902218877978
1.640863859560652 	 0.015182507850747 	 69858.797467852491536
1.724118177915137 	 0.015056718151988 	 77525.974886294643511
1.813945779702831 	 0.014927039664826 	 86034.644166845086147
1.911169699340688 	 0.014792692791140 	 95477.161142080658465
2.016313029725132 	 0.014653379456341 	 105956.017927761698957
2.130004521309840 	 0.014508684038153 	 117584.955405215820065
2.252748535326103 	 0.014358372993836 	 130490.197801440153853
2.385147336380641 	 0.014202106801813 	 144811.822767453297274
2.527807926097136 	 0.014039565668578 	 160705.281826163845835
2.681255471403813 	 0.013870543710557 	 178343.087693190929713
2.846012137508445 	 0.013694852587909 	 197916.686785355734173
3.022421862427428 	 0.013512502091791 	 219638.537241654703394
3.211106938995191 	 0.013323225025456 	 243744.415012222161749
3.412328255227514 	 0.013127136102858 	 270495.973046313680243
3.626531146170337 	 0.012924174589353 	 300183.581357559189200
3.853952904553698 	 0.012714489543220 	 333129.478793467686046
4.094881498008594 	 0.012498187797430 	 369691.270719503227156
4.349468358527716 	 0.012275504953328 	 410265.810582719044760
4.617933438819899 	 0.012046620206216 	 455293.507486694783438
4.900347520625035 	 0.011811844835995 	 505263.106533567945007
5.196731215051281 	 0.011571529324808 	 560716.993820545845665
5.507153813237607 	 0.011325983052590 	 622257.083673023153096
5.831490591229803 	 0.011075665429961 	 690551.352016233024187
6.169672593666601 	 0.010820982904097 	 766341.086800746270455
6.521533835056715 	 0.010562406150670 	 850448.934180268552154
6.886907030740803 	 0.010300394323439 	 943787.827777539147064
7.265500860264218 	 0.010035480461296 	 1047370.897959450841881
7.657000041100019 	 0.009768194011005 	 1162322.468679854180664
8.061105267883502 	 0.009499033269528 	 1289890.261253308039159
8.477395448492926 	 0.009228555689387 	 1431458.937523478642106
8.905443276148940 	 0.008957296371013 	 1588565.129428052809089
9.344767642662015 	 0.008685797412452 	 1762914.118095947895199
9.794849794865037 	 0.008414594983260 	 1956398.343517064815387
10.255152586185227 	 0.008144206291069 	 2171117.945694505237043
10.725069974832985 	 0.007875157850098 	 2409403.560239526908845
11.203971024712855 	 0.007607957427086 	 2673841.615839949343354
11.691239130223167 	 0.007343072580635 	 2967302.408188872504979
12.186168554484453 	 0.007080987155050 	 3292971.255097154993564
12.688035536534517 	 0.006822160335102 	 3654383.070957254618406
13.196122367706529 	 0.006567015008208 	 4055460.735840827692300
13.709689348354500 	 0.006315953121318 	 4500557.675700497813523
14.227950363655804 	 0.006069366998136 	 4994505.115855139680207
14.750150594254906 	 0.005827602079746 	 5542664.520663106814027
15.275556277878307 	 0.005590964559517 	 6150985.788580504246056
15.803396071091072 	 0.005359748948189 	 6826071.834272393025458
16.332935814352947 	 0.005134205267998 	 7575250.258771920576692
16.863449751550135 	 0.004914553949446 	 8406652.885618334636092
17.394238347867958 	 0.004700980239471 	 9329304.026284696534276
17.924567042058250 	 0.004493660449295 	 10353218.432956637814641
18.453763098550656 	 0.004292725123642 	 11489510.001873085275292
18.981106923800358 	 0.004098303578916 	 12750512.407130127772689
19.505882472534395 	 0.003910505395724 	 14149912.974345758557320
20.027366021922777 	 0.003729426423823 	 15702901.247293774038553
20.544820683929537 	 0.003555152130605 	 17426333.860096506774426
21.057500712948642 	 0.003387757241983 	 19338917.504552319645882
21.564668737751216 	 0.003227301187756 	 21461411.978584058582783
22.065607997068337 	 0.003073825422534 	 23816855.519761607050896
22.559659169204693 	 0.002927343428239 	 26430814.869741082191467
23.046239393795258 	 0.002787836887297 	 29331662.783900484442711
23.524881243197942 	 0.002655246457635 	 32550885.998350564390421
23.995259772687909 	 0.002529466911275 	 36123426.997094303369522
24.457242354849768 	 0.002410337183711 	 40088063.288984648883343
24.910903565636954 	 0.002297641128145 	 44487828.311275854706764
25.356554345242543 	 0.002191105377089 	 49370478.528390035033226
25.794741156560729 	 0.002090405473887 	 54789011.795939452946186
26.226255454471669 	 0.001995169837858 	 60802242.616494268178940
26.652125756940102 	 0.001904988117786 	 67475440.531106993556023
27.073596337348029 	 0.001819422108812 	 74881038.575900301337242
27.492076194197256 	 0.001738021545755 	 83099419.493534043431282
27.909101736234753 	 0.001660335148645 	 92219788.233343407511711
28.326269934352737 	 0.001585925337103 	 102341140.210545271635056
28.745178018194284 	 0.001514379094245 	 113573335.834310278296471
29.167332535896424 	 0.001445321530939 	 126038292.967972740530968
29.594081992708368 	 0.001378422671318 	 139871310.264724165201187
30.026547965419493 	 0.001313402727862 	 155222535.742704808712006
30.465540409712691 	 0.001250038184992 	 172258596.539878398180008
30.911514712202479 	 0.001188160623207 	 191164407.538570374250412
31.364526017689677 	 0.001127656042791 	 212145178.491063654422760
31.824209703812741 	 0.001068461034492 	 235428641.432242035865784
32.289776349425104 	 0.001010558086306 	 261267522.556332647800446
32.760038935171622 	 0.000953968199427 	 289942285.388288140296936
33.233445542076424 	 0.000898744477693 	 321764175.025073528289795
33.708143461476524 	 0.000844963540308 	 357078596.490046977996826
34.182050596952770 	 0.000792717684229 	 396268863.870147824287415
34.652931935308985 	 0.000742107724212 	 439760360.930271208286285
35.118484647539333 	 0.000693235844972 	 488025158.365443348884583
35.576418155998667 	 0.000646199671578 	 541587137.807948708534241
36.024531635456135 	 0.000601086972260 	 601027678.207038760185242
36.460776174510052 	 0.000557972033448 	 666991966.303011536598206
36.883309612825187 	 0.000516912644516 	 740195999.691565275192261
37.290535410100667 	 0.000477948405682 	 821434358.491945505142212
37.681123873340063 	 0.000441100373897 	 911588829.975083708763123
38.054029619127036 	 0.000406370668027 	 1011637979.766207098960876
38.408486522429037 	 0.000373743803573 	 1122667773.510815858840942
38.744002635466408 	 0.000343187645034 	 1245883364.295008182525635
39.060340034200948 	 0.000314655425425 	 1382622173.764659166336060
39.357490063966026 	 0.000288087896992 	 1534368408.930013179779053
39.635651190659885 	 0.000263415035577 	 1702769172.225897789001465
39.895196527310162 	 0.000240558511807 	 1889652339.691211462020874
40.136644885957971 	 0.000219433729021 	 2097046401.323230743408203
40.360634268554719 	 0.000199951581321 	 2327202478.960412025451660
40.567893546782649 	 0.000182020337332 	 2582618760.682674884796143
40.759218091638985 	 0.000165547170653 	 2866067616.948256015777588
40.935448775690304 	 0.000150439412815 	 3180625692.794119358062744
41.097451686910070 	 0.000136605772071 	 3529707302.730657577514648
41.246102974683993 	 0.000123957147779 	 3917101490.809260845184326
41.382274382142867 	 0.000112407427977 	 4347013158.125035285949707
41.506822643221291 	 0.000101874000771 	 4824108704.165373802185059
41.620580946892133 	 0.000092278134052 	 5353566677.410718917846680
41.724351778766454 	 0.000083545280042 	 5941133984.965040206909180
41.818902295733977 	 0.000075605204715 	 6593188271.333541870117188
41.904961131509395 	 0.000068392032584 	 7316807143.427206993103027
41.983215923849528 	 0.000061844262798 	 8119844993.184008598327637
42.054312486461278 	 0.000055904675665 	 9011018251.665037155151367
42.118854824557985 	 0.000050520193730 	 10000000000.000000000000000
