# Norm ||Ax - y|| sqrt(x.T L x) lambdas
0.426035741853477 	 0.139150360799839 	 0.000000000100000
0.426240120105382 	 0.137516175712445 	 0.000000000126038
0.426041407069623 	 0.139090921977350 	 0.000000000158857
0.426040379856983 	 0.139101563738680 	 0.000000000200220
0.426043227293295 	 0.139073044938867 	 0.000000000252354
0.426034542408736 	 0.139164659966395 	 0.000000000318063
0.426042375837633 	 0.139081226038086 	 0.000000000400881
0.426040936562473 	 0.139095456582593 	 0.000000000505263
0.426040721625427 	 0.139098294004828 	 0.000000000636825
0.426042200873980 	 0.139082893902336 	 0.000000000802643
0.426038061281587 	 0.139127022223165 	 0.000000001011638
0.426041281448679 	 0.139092491301921 	 0.000000001275051
0.426034060010872 	 0.139169639987878 	 0.000000001607053
0.426228494128433 	 0.137615032166423 	 0.000000002025502
0.426041996173058 	 0.139084946134449 	 0.000000002552908
0.426043060228554 	 0.139074661583615 	 0.000000003217642
0.426041703703276 	 0.139087895304673 	 0.000000004055461
0.426032397671613 	 0.139187959149169 	 0.000000005111433
0.426042234455551 	 0.139082698151768 	 0.000000006442364
0.426040679673501 	 0.139097681574857 	 0.000000008119845
0.426042924722822 	 0.139075756988134 	 0.000000010234114
0.426035514585760 	 0.139155707001725 	 0.000000012898903
0.426238290590491 	 0.137530392005349 	 0.000000016257557
0.426040402886156 	 0.139102756082750 	 0.000000020490747
0.426042909911442 	 0.139076071124294 	 0.000000025826188
0.426043025615031 	 0.139075031722930 	 0.000000032550886
0.426041902480959 	 0.139085839550002 	 0.000000041026581
0.426043929732335 	 0.139066562645024 	 0.000000051709202
0.426042697640801 	 0.139078313833814 	 0.000000065173396
0.426038857837651 	 0.139115084997557 	 0.000000082143436
0.426037594208735 	 0.139134670928090 	 0.000000103532184
0.426040404810004 	 0.139100539789837 	 0.000000130490198
0.426042371821947 	 0.139081399024506 	 0.000000164467618
0.426216339296691 	 0.137720056738994 	 0.000000207292178
0.426042440327981 	 0.139080700826792 	 0.000000261267523
0.426036058926450 	 0.139146669824033 	 0.000000329297126
0.426043165456312 	 0.139073773812860 	 0.000000415040476
0.426042011881524 	 0.139084918893571 	 0.000000523109931
0.426040475594097 	 0.139099464754698 	 0.000000659318827
0.426177864123200 	 0.138059631868015 	 0.000000830994195
0.426039452944507 	 0.139113144502565 	 0.000001047370898
0.426034998345863 	 0.139161084493947 	 0.000001320088401
0.426200475302580 	 0.137858597074610 	 0.000001663816886
0.426039425220875 	 0.139110246196938 	 0.000002097046401
0.426037986230203 	 0.139129979246271 	 0.000002643081487
0.426228474552365 	 0.137612337372547 	 0.000003331294788
0.426042684776622 	 0.139078106432957 	 0.000004198707084
0.426039825852880 	 0.139107339031409 	 0.000005291978736
0.426034496980438 	 0.139161768929249 	 0.000006669919663
0.426043303572771 	 0.139071701316556 	 0.000008406652886
0.426232583623086 	 0.137576860864154 	 0.000010595601793
0.426043761380844 	 0.139067227182316 	 0.000013354515629
0.426035042684065 	 0.139157221704934 	 0.000016831803533
0.426044700922290 	 0.139057912881030 	 0.000021214517849
0.426044148487854 	 0.139062668743620 	 0.000026738416158
0.426044056691413 	 0.139063029493245 	 0.000033700643293
0.426042593860889 	 0.139076332459183 	 0.000042475715525
0.426036976247122 	 0.139132644014737 	 0.000053535666774
0.426039612349871 	 0.139105159895078 	 0.000067475440531
0.426042890700533 	 0.139070492521545 	 0.000085044893418
0.426040309300020 	 0.139094582061996 	 0.000107189131921
0.426041419210782 	 0.139081221576860 	 0.000135099352120
0.426239992792734 	 0.137505892433781 	 0.000170276917223
0.426188333150369 	 0.137951880653918 	 0.000214614119786
0.426200134291316 	 0.137844193930757 	 0.000270495973046
0.426043827688158 	 0.139044182818476 	 0.000340928506975
0.426043304578058 	 0.139043146241472 	 0.000429700470432
0.426044771933525 	 0.139021445829653 	 0.000541587137808
0.426197641585660 	 0.137837000751176 	 0.000682607183427
0.426042603784212 	 0.139022382105799 	 0.000860346441668
0.426047016420818 	 0.138963645952743 	 0.001084365968690
0.426047374548714 	 0.138941297047346 	 0.001366716356462
0.426049470535573 	 0.138897077881063 	 0.001722585965399
0.426050804049627 	 0.138854091662093 	 0.002171117945695
0.426049026815230 	 0.138838033630866 	 0.002736439997075
0.426056428212029 	 0.138715440638826 	 0.003448962260406
0.426062606696554 	 0.138596883802270 	 0.004347013158125
0.426067028237871 	 0.138479771043362 	 0.005478901179594
0.426342096808535 	 0.136189644731817 	 0.006905513520162
0.426290839002458 	 0.136498026897320 	 0.008703591361485
0.426281047577494 	 0.136428817498881 	 0.010969857978924
0.426380329086804 	 0.135424402040996 	 0.013826221737647
0.426515227484232 	 0.134254140891848 	 0.017426333860097
0.426559132171671 	 0.133612744422164 	 0.021963853724166
0.426670221894970 	 0.132527730630381 	 0.027682866303921
0.426742104008378 	 0.131600290962962 	 0.034891012134068
0.426859644116779 	 0.130311912028900 	 0.043976036093027
0.426982716328864 	 0.128947100989125 	 0.055426645206631
0.427072834973047 	 0.127585411002292 	 0.069858797467853
0.427356899460840 	 0.124401187893021 	 0.088048835816435
0.427725187863971 	 0.120449093628090 	 0.110975249641207
0.428110800390901 	 0.116459427334456 	 0.139871310264724
0.428554849581419 	 0.112169523888377 	 0.176291411809595
0.428888654490983 	 0.108883216829038 	 0.222194686093953
0.429664601049767 	 0.102832312019463 	 0.280050389418364
0.430303468487895 	 0.098173788143466 	 0.352970730273066
0.431001533782689 	 0.093610006745579 	 0.444878283112759
0.431667095322251 	 0.089529821050001 	 0.560716993820547
0.432492788161646 	 0.085091787352669 	 0.706718127392751
0.433408785908554 	 0.080381070541986 	 0.890735463861046
0.434519145005222 	 0.075035443290647 	 1.122667773510816
0.435686502900219 	 0.069886689020771 	 1.414991297434579
0.437105729307254 	 0.064463475923425 	 1.783430876931913
0.439001501402798 	 0.058349594311076 	 2.247805833548730
0.440717665789123 	 0.053535229115876 	 2.833096101839330
0.442428431697260 	 0.049324409766384 	 3.570785964900470
0.444142246216551 	 0.045613583681979 	 4.500557675700507
0.445904110140736 	 0.042244505817174 	 5.672426068491990
0.447959687922744 	 0.038901516621870 	 7.149428986597592
0.449887820594095 	 0.036067246827645 	 9.011018251665037
0.451968159694550 	 0.033416040168348 	 11.357333583431075
0.454158171046754 	 0.031008207254402 	 14.314589375234815
0.456418881733091 	 0.028872803300025 	 18.041864093920754
0.458722638424713 	 0.027010854266629 	 22.739657523579321
0.461043852919902 	 0.025413357319068 	 28.660676169482560
0.463352073092351 	 0.024068372127941 	 36.123426997094377
0.465619026174013 	 0.022956965609887 	 45.529350748669572
0.467836669487688 	 0.022033771266465 	 57.384416483024040
0.470049014128434 	 0.021260630844602 	 72.326338964835486
0.472177527631484 	 0.020662696001399 	 91.158882997508371
0.474252766066111 	 0.020181431555711 	 114.895100018731085
0.476233923114200 	 0.019813561297351 	 144.811822767453606
0.478211932567394 	 0.019513924565564 	 182.518349431904625
0.480265986146603 	 0.019263450013480 	 230.043011977292167
0.482410106882811 	 0.019054394129397 	 289.942285388288099
0.484715495893552 	 0.018872971201364 	 365.438307095726202
0.487290321984355 	 0.018709698951884 	 460.592204114511276
0.490279962272696 	 0.018556972567215 	 580.522551609490733
0.493804716000197 	 0.018412090580155 	 731.680714342720762
0.498105090063020 	 0.018269890436531 	 922.197882333434109
0.503299599989204 	 0.018131422279879 	 1162.322468679854182
0.509986353800557 	 0.017987381137590 	 1464.971398307287927
0.518504412053472 	 0.017838883723345 	 1846.424942895546337
0.529464415056393 	 0.017683350741509 	 2327.202478960412009
0.543580463727922 	 0.017519186937788 	 2933.166278390048319
0.561774159116648 	 0.017344577967893 	 3696.912707195031999
0.584856807475739 	 0.017160368980912 	 4659.525668664687146
0.613621855775898 	 0.016967852668097 	 5872.786613189488889
0.648891402489239 	 0.016768204853647 	 7401.959996915652482
0.691312654647915 	 0.016563456296745 	 9329.304026284695283
0.741715028124442 	 0.016354446752837 	 11758.495540521582370
0.801090478999696 	 0.016141415233060 	 14820.207057988600354
0.870819630970875 	 0.015923464418049 	 18679.135990207847499
0.952978087186850 	 0.015698143298392 	 23542.864143224203872
1.050368860187137 	 0.015461959059831 	 29673.024081888725050
1.166899117245378 	 0.015209927988042 	 37399.373024788015755
1.306563650777526 	 0.014938006443133 	 47137.531341167290520
1.474323142649307 	 0.014641089167738 	 59411.339849650401447
1.674852429054134 	 0.014315358674617 	 74881.038575900311116
1.912874298488012 	 0.013957408991265 	 94378.782777753905975
2.192359130292997 	 0.013565374342522 	 118953.406737032069941
2.516887387263855 	 0.013138245049506 	 149926.843278604705120
2.889212522205203 	 0.012676421154459 	 188965.233969121152768
3.311143443490161 	 0.012181715119284 	 238168.555197616078658
3.783830797831091 	 0.011656872994942 	 300183.581357559189200
4.307358301614181 	 0.011105888691501 	 378346.261713193263859
4.881086868320135 	 0.010533425332740 	 476861.169771447428502
5.503447853639608 	 0.009944845543243 	 601027.678207038785331
6.172067836142968 	 0.009345885133552 	 757525.025877192034386
6.883772670556702 	 0.008742471568325 	 954771.611420806613751
7.634680893393550 	 0.008140488695776 	 1203377.840777595527470
8.420259070536302 	 0.007545615293857 	 1516716.888470923993737
9.235488159349723 	 0.006963122735328 	 1911644.075385711388662
10.074764726061133 	 0.006397905254207 	 2409403.560239526908845
10.932239240324547 	 0.005854226908782 	 3036771.118035472929478
11.801992663787825 	 0.005335640335776 	 3827494.478516315110028
12.678160463871652 	 0.004844965430025 	 4824108.704165393486619
13.555062283140163 	 0.004384290595051 	 6080224.261649427004158
14.427010020612450 	 0.003955167319500 	 7663410.868007494136691
15.288111749232778 	 0.003558792521785 	 9658832.241158708930016
16.132237345242800 	 0.003196099685388 	 12173827.277396669611335
16.953394191046005 	 0.002867658629629 	 15343684.089300131425261
17.746685851613776 	 0.002573353026698 	 19338917.504552401602268
18.509608666698121 	 0.002311996171494 	 24374441.501222215592861
19.243318223782293 	 0.002081069649993 	 30721129.988617718219757
19.953258821750595 	 0.001876794249994 	 38720387.818125568330288
20.648941123369745 	 0.001694520790991 	 48802515.836544536054134
21.342539101841737 	 0.001529388809081 	 61509857.885805040597916
22.046496106173620 	 0.001377026204082 	 77525974.886294960975647
22.770590932992928 	 0.001234090871316 	 97712415.353465020656586
23.519178171080362 	 0.001098539733079 	 123155060.329283118247986
24.289488477950766 	 0.000969598647762 	 155222535.742704808712006
25.071558992364622 	 0.000847504402297 	 195639834.351707279682159
25.849899793101152 	 0.000733116148371 	 246581107.582260400056839
26.606351954438157 	 0.000627507535131 	 310786618.778202652931213
27.323235392775928 	 0.000531627436865 	 391710149.080926060676575
27.985941557924299 	 0.000446077494930 	 493704785.283902406692505
28.584440914050159 	 0.000371019679981 	 622257083.673023104667664
29.113669041732514 	 0.000306188109211 	 784282206.133771419525146
29.573032282443947 	 0.000250969401412 	 988495904.662558555603027
29.965422340623306 	 0.000204512059111 	 1245883364.295013189315796
30.296088191516336 	 0.000165835408989 	 1570290124.729377508163452
30.571596166859919 	 0.000133921492370 	 1979166867.853565454483032
30.799002526124113 	 0.000107782460638 	 2494508135.230316638946533
30.985265325949534 	 0.000086504088248 	 3144035471.591512680053711
31.136873874860228 	 0.000069269211040 	 3962688638.701478481292725
31.259649263350731 	 0.000055366350299 	 4994505115.855160713195801
31.358667652978610 	 0.000044188341408 	 6294988990.221887588500977
31.438262658507423 	 0.000035225069367 	 7934096665.797524452209473
31.502075159320199 	 0.000028053098569 	 10000000000.000000000000000
